object Form1: TForm1
  Left = 0
  Top = 0
  Caption = 'Form1'
  ClientHeight = 480
  ClientWidth = 640
  FormFactor.Width = 320
  FormFactor.Height = 480
  FormFactor.Devices = [Desktop]
  DesignerMasterStyle = 0
  object Sphere1: TSphere
    Width = 8.000000000000000000
    Height = 8.000000000000000000
    Depth = 8.000000000000000000
    SubdivisionsAxes = 50
    SubdivisionsHeight = 50
  end
end
